swagger-ui: 1.15 MB (23.0%)
brace: 780.03 KB (15.3%)
lodash: 705.67 KB (13.8%)
react-ace: 664.2 KB (13.0%)
  brace: 646.44 KB (97.3%)
  prop-types: 2.6 KB (0.392%)
  <self>: 15.16 KB (2.28%)
yaml-js: 194.15 KB (3.80%)
core-js-pure: 188.3 KB (3.68%)
immutable: 139.01 KB (2.72%)
uri-js: 55.96 KB (1.09%)
lodash.isequal: 48.44 KB (0.947%)
buffer: 47.45 KB (0.928%)
json-refs: 43.47 KB (0.850%)
superagent: 41.5 KB (0.812%)
react-style-proptype: 34.58 KB (0.676%)
  prop-types: 2.6 KB (7.52%)
  <self>: 31.98 KB (92.5%)
graphlib: 27.96 KB (0.547%)
regenerator-runtime: 24.26 KB (0.475%)
@babel/runtime-corejs3: 22.1 KB (0.432%)
util: 19.78 KB (0.387%)
  inherits: 672 B (3.32%)
  <self>: 19.13 KB (96.7%)
react-immutable-proptypes: 11.82 KB (0.231%)
path-loader: 11.42 KB (0.223%)
querystring-browser: 10.67 KB (0.209%)
traverse: 8.72 KB (0.171%)
path-browserify: 8.54 KB (0.167%)
native-promise-only: 7.92 KB (0.155%)
attr-accept: 6.79 KB (0.133%)
react: 6.48 KB (0.127%)
setimmediate: 6.32 KB (0.124%)
process: 5.29 KB (0.104%)
querystring-es3: 5.06 KB (0.0990%)
deepmerge: 3.94 KB (0.0771%)
base64-js: 3.84 KB (0.0751%)
component-emitter: 3.39 KB (0.0662%)
react-split-pane: 2.6 KB (0.0509%)
  prop-types: 2.6 KB (100%)
  <self>: 0 B (0.00%)
react-dropzone: 2.6 KB (0.0509%)
  prop-types: 2.6 KB (100%)
  <self>: 0 B (0.00%)
prop-types: 2.58 KB (0.0505%)
ieee754: 2.1 KB (0.0411%)
object-assign: 2.06 KB (0.0403%)
timers-browserify: 1.97 KB (0.0386%)
promise-worker: 1.61 KB (0.0316%)
webpack: 1.03 KB (0.0201%)
worker-loader: 900 B (0.0172%)
w3c-blob: 684 B (0.0131%)
slash: 289 B (0.00552%)
isarray: 132 B (0.00252%)
<self>: 778.46 KB (15.2%)
